chrX	150695342	150695343	0.0
chrX	150695343	150695344	0.0
chrX	150695344	150695345	0.0
chrX	150695345	150695346	0.0
chrX	150695346	150695347	0.0
chrX	150695347	150695348	0.0
chrX	150695348	150695349	0.0
chrX	150695349	150695350	0.0
chrX	150695350	150695351	0.0
chrX	150695351	150695352	0.0
chrX	150695352	150695353	0.0
chrX	150695353	150695354	0.0
chrX	150695354	150695355	0.0
chrX	150695355	150695356	0.0
chrX	150695356	150695357	0.0
chrX	150695357	150695358	0.0
chrX	150695358	150695359	0.0
chrX	150695359	150695360	0.0
chrX	150695360	150695361	0.0
chrX	150695361	150695362	0.0
chrX	150695362	150695363	0.0
chrX	150695363	150695364	0.0
chrX	150695364	150695365	0.0
chrX	150695365	150695366	0.0
chrX	150695366	150695367	0.0
chrX	150695367	150695368	0.0
chrX	150695368	150695369	0.0
chrX	150695369	150695370	0.0
chrX	150695370	150695371	0.0
chrX	150695371	150695372	0.0
chrX	150695372	150695373	0.0
chrX	150695373	150695374	0.0
chrX	150695374	150695375	0.0
chrX	150695375	150695376	0.0
chrX	150695376	150695377	0.0
chrX	150695377	150695378	0.0
chrX	150695378	150695379	0.0
chrX	150695379	150695380	1.896240625180289
chrX	150695380	150695381	0.0
chrX	150695381	150695382	0.0
chrX	150695382	150695383	0.0
chrX	150695383	150695384	0.0
chrX	150695384	150695385	0.0
chrX	150695385	150695386	0.0
chrX	150695386	150695387	0.0
chrX	150695387	150695388	0.0
chrX	150695388	150695389	0.0
chrX	150695389	150695390	0.0
chrX	150695390	150695391	0.0
chrX	150695391	150695392	0.0
chrX	150695392	150695393	0.0
chrX	150695393	150695394	0.0
chrX	150695394	150695395	0.0
chrX	150695395	150695396	0.0
chrX	150695396	150695397	0.0
chrX	150695397	150695398	0.0
chrX	150695398	150695399	0.0
chrX	150695399	150695400	0.0
chrX	150695400	150695401	0.0
chrX	150695401	150695402	0.0
chrX	150695402	150695403	0.0
chrX	150695403	150695404	0.0
chrX	150695404	150695405	0.0
chrX	150695405	150695406	0.0
chrX	150695406	150695407	0.0
chrX	150695407	150695408	0.0
chrX	150695408	150695409	0.0
chrX	150695409	150695410	0.0
chrX	150695410	150695411	0.0
chrX	150695411	150695412	0.0
chrX	150695412	150695413	0.0
chrX	150695413	150695414	0.0
chrX	150695414	150695415	0.0
chrX	150695415	150695416	0.0
chrX	150695416	150695417	0.0
chrX	150695417	150695418	0.0
chrX	150695418	150695419	0.0
chrX	150695419	150695420	0.0
chrX	150695420	150695421	0.0
chrX	150695421	150695422	0.0
chrX	150695422	150695423	0.0
chrX	150695423	150695424	0.0
chrX	150695424	150695425	0.0
